>class1
A [  62  71  78   7   5   8  88  86  25  22  27  29  26 ]
C [  11   7   4   3   3  85   5   3  53  18  28  23  25 ]
G [  12   8  12  83   3   3   2   6   8  42  23  22  24 ]
T [  15  14   6   7  89   4   5   5  14  18  22  26  25 ]

>class2
A [  30  39  49   8   6  13  75  75  17  19  23  26  26 ]
C [  19  15   7   5   5  72   6   5  58  16  27  21  24 ]
G [  18  13  34  73   5   5   7  10   7  42  24  22  24 ]
T [  33  33  10  14  84  10  12  10  18  23  26  31  26 ]

>class3
A [  24  21  38   5   5   8  82  80  20  21  23  26  26 ]
C [  24  24   9   4   3  82   6   4  47  16  27  23  24 ]
G [  16  15  43  81   4   4   3   7  13  42  24  23  24 ]
T [  36  40  10  10  88   6   9   9  20  21  26  28  26 ]

>class4
A [  34  26  25   7   6  10  60  73  18  23  24  25  25 ]
C [  14  10   8   5   6  73  19   7  56  13  26  24  25 ]
G [  15  12  10  30   5   7   5   9   8  42  25  25  25 ]
T [  37  52  57  58  83  10  16  11  18  22  25  26  25 ]

>class5
A [  33  22  18   6   3   5   7  69  18  45  25  25  25 ]
C [  12   9  10   6   5  83  64   7  51  11  25  25  25 ]
G [  12   9   6   5   2   4   2  12   9  25  25  25  25 ]
T [  43  60  66  83  90   8  27  12  22  19  25  25  25 ]

>class6
A [  57  66  80   9   6   9   8  11  13  11  26  25  25 ]
C [  11   8   4   6   4  34   5  10  65  45  27  25  25 ]
G [  14   8   9  77   3   4  12   6   7  12  23  25  25 ]
T [  18  18   7   8  87  53  75  73  15  32  24  25  25 ]

>class7
A [  16  12  35   7   5  12   7  15  14  25  23  25  25 ]
C [  22  26   5   5   5  60   6  19  43  17  25  25  25 ]
G [  10   9  50  74   6   8  11  12  12  24  24  25  25 ]
T [  52  53  10  14  84  20  76  54  31  34  28  25  25 ]

>class8
A [  16  14  43   6   3  70  21  15  18  26  25  25  25 ]
C [  15  15   4   9  14  13   7   6  49  20  25  25  25 ]
G [  11   6  42  71   4   5   4  63  11  29  25  25  25 ]
T [  58  65  11  14  79  12  68  16  22  25  25  25  25 ]

>class9
A [  83  85  89   5   5  74  69  54  30  24  25  25  25 ]
C [   4   3   2   4   7  21   6   3  53  31  26  25  25 ]
G [   6   3   6  87   3   2   4  38   8  24  25  25  25 ]
T [   7   9   3   4  85   3  21   5   9  21  24  25  25 ]

>class10
A [  75  87  90   5   5  37  78  85  19  29  27  25  25 ]
C [   5   3   2   3   3  58   2   2  65  29  25  25  25 ]
G [   7   3   5  88   3   2  11  10   5  16  24  25  25 ]
T [  13   7   3   4  89   3   9   3  11  26  24  25  25 ]

>class11
A [  70  78  80   9   8  16  13  27  24  32  26  25  25 ]
C [   7   5   4   5   5  70   5  20  45  21  25  25  25 ]
G [   9   5   8  78   5   6  26  13  11  23  24  25  25 ]
T [  14  12   8   8  82   8  56  40  20  24  25  25  25 ]
